4294967278,10
4294967278,8
4294967278,7
4294967278,6
4294967278,5
4294967278,4
4294967279,132
4294967279,131
4294967279,130
4294967279,129
4294967279,128
4294967279,127
4294967279,126
4294967279,125
4294967279,124
4294967279,123
4294967279,122
4294967279,121
4294967279,120
4294967279,119
4294967279,118
4294967279,117
4294967279,116
4294967279,115
4294967279,114
4294967279,113
4294967279,112
4294967279,111
4294967279,110
4294967279,109
4294967279,108
4294967279,107
4294967279,106
4294967279,105
4294967279,104
4294967279,103
4294967279,102
4294967279,101
4294967279,100
4294967279,99
4294967279,98
4294967279,97
4294967279,96
4294967279,95
4294967279,94
4294967279,93
4294967279,92
4294967279,91
4294967279,90
4294967279,89
4294967294,30
4294967294,142
4294967294,141
4294967294,139
4294967294,138
4294967294,133
4294967294,1016
4294967294,992
4294967294,990
4294967294,989
4294967294,988
4294967294,987
4294967294,60
4294967278,274
4294967294,12
4294967294,11
4294967294,68
4294967278,9
4294967279,278
4294967278,283
4294967279,265
4294967278,269
4294967279,264
4294967278,268
4294967279,263
4294967278,267
4294967279,262
4294967278,281
4294967279,261
4294967278,265
4294967279,275
4294967278,353
4294967279,258
4294967278,264
4294967279,257
4294967279,256
4294967278,262
4294967279,255
4294967278,261
4294967279,254
4294967278,278
4294967279,253
4294967278,258
4294967279,548
4294967278,257
4294967279,547
4294967278,352
4294967279,546
4294967278,351
4294967279,545
4294967278,350
4294967279,544
4294967278,349
4294967279,543
4294967278,348
4294967279,542
4294967278,347
4294967279,541
4294967278,321
4294967278,345
4294967278,253
4294967278,250
4294967278,248
4294967278,246
4294967278,244
4294967278,242
4294967278,240
4294967278,37
4294967278,36
4294967278,35
4294967278,34
4294967278,33
4294967278,32
4294967278,31
4294967278,30
4294967278,29
4294967278,28
4294967278,27
4294967278,26
4294967278,25
4294967278,24
4294967278,23
4294967278,22
4294967278,21
4294967278,20
4294967278,19
4294967278,18
4294967278,17
4294967278,16
4294967278,15
4294967278,14
4294967278,13
4294967278,12
4294967278,11
4294967279,22
4294967279,20
4294967279,19
4294967279,18
4294967279,17
4294967279,13
4294967279,11
4294967278,238
4294967278,237
4294967278,236
4294967278,234
4294967278,232
4294967278,228
4294967278,226
4294967278,224
4294967278,222
4294967278,220
4294967278,218
4294967278,216
4294967278,214
4294967279,539
4294967278,213
4294967278,212
4294967278,211
4294967278,210
4294967278,209
4294967278,208
4294967278,207
4294967278,206
4294967278,205
4294967278,203
4294967278,201
4294967278,200
4294967278,199
4294967278,198
4294967278,197
4294967278,196
4294967278,195
4294967278,194
4294967278,193
4294967279,565
4294967278,191
4294967279,174
4294967279,260
4294967278,344
4294967279,564
4294967278,189
4294967278,303
4294967294,472
4294967279,299
4294967278,343
4294967279,298
4294967278,302
37,5
37,4
37,3
37,2
37,1
4294967279,296
4294967279,563
4294967278,369
4294967279,562
4294967278,368
4294967279,535
4294967278,298
4294967279,294
36,6
36,5
36,4
36,3
36,2
36,1
4294967278,367
4294967278,338
4294967279,561
4294967278,366
4294967279,560
4294967278,336
4294967278,365
4294967294,194
4294967294,401
4294967294,196
4294967294,996
4294967294,170
4294967294,1012
4294967278,293
4294967279,291
4294967278,364
4294967279,559
4294967278,333
33,6
33,5
33,4
33,3
33,2
33,1
4294967279,288
4294967279,558
4294967279,538
4294967294,5
4294967294,81
4294967294,50
4294967279,557
4294967279,287
4294967294,39
4294967278,290
4294967279,286
4294967279,556
4294967278,275
30,4
30,3
30,2
30,1
4294967279,555
4294967294,437
4294967294,1419
4294967294,1418
4294967294,148
4294967294,179
4294967294,168
4294967294,1014
4294967294,458
4294967294,456
4294967294,465
4294967294,454
4294967278,330
4294967279,276
4294967279,554
4294967279,0
29,5
29,4
29,3
29,2
29,1
4294967278,329
4294967294,7
4294967294,6
28,4
28,3
28,2
28,1
4294967278,132
4294967278,131
4294967278,130
4294967278,129
4294967278,128
4294967278,127
4294967278,126
4294967278,125
4294967278,124
4294967278,123
4294967278,122
4294967278,121
4294967278,120
4294967278,119
4294967278,118
4294967278,117
4294967278,116
4294967278,115
4294967278,114
4294967278,113
4294967278,112
4294967278,111
4294967278,110
4294967278,109
4294967278,108
4294967278,107
4294967278,106
4294967278,105
4294967278,104
4294967278,103
4294967278,102
4294967278,101
4294967278,100
4294967278,99
4294967278,98
4294967278,97
4294967278,96
4294967278,95
4294967278,94
4294967278,93
4294967278,92
4294967278,91
4294967278,90
4294967278,89
4294967278,87
4294967278,86
4294967278,85
4294967278,0
4294967278,84
4294967278,83
4294967278,82
4294967278,81
4294967278,80
4294967278,79
4294967278,78
4294967278,77
4294967278,76
4294967278,75
4294967278,74
4294967278,73
4294967278,72
4294967278,71
4294967278,70
4294967278,69
